Player,14.499999999999993,16.999999999999993,39,80,1904.0
Snail,20.0,9.0
Text_bar,1.0,0.0,Age: 39
Text_bar,1.0,2.0,Salt: 80
Hotbar,47.120890299479164,47.631184895833336
Tilled_ground,14.0,14.0
Tilled_ground,15.000000000000002,14.0
Tilled_ground,16.0,14.0
Tilled_ground,14.0,15.000000000000002
Tilled_ground,15.000000000000002,15.000000000000002
Tilled_ground,16.0,15.000000000000002
Tilled_ground,16.0,16.0
Tilled_ground,15.000000000000002,16.0
Tilled_ground,16.0,17.0
Tilled_ground,15.000000000000002,17.0
Rose,16.0,14.0,1
Rose,15.000000000000002,14.0,1
Rose,14.0,14.0,1
Rose,14.0,15.000000000000002,1
Rose,15.000000000000002,15.000000000000002,1
Rose,16.0,15.000000000000002,1
Rose,16.0,16.0,0
Rose,15.000000000000002,16.0,0
Rose,16.0,17.0,0
Rose,15.000000000000002,17.0,0
